1.18700008e+01 -5.99999987e-02
1.18700199e+01 -5.79999983e-02
1.18700733e+01 -5.59864603e-02
1.18701344e+01 -5.39652221e-02
1.18702421e+01 -5.19422181e-02
1.18703594e+01 -4.99233939e-02
1.18704777e+01 -4.84480523e-02
1.18705177e+01 -4.79146540e-02
1.18706827e+01 -4.59217802e-02
1.18708801e+01 -4.39503826e-02
1.18710823e+01 -4.20058072e-02
1.18713045e+01 -4.00931090e-02
1.18715286e+01 -3.82170044e-02
1.18717613e+01 -3.63818035e-02
1.18719883e+01 -3.45914066e-02
1.18722143e+01 -3.28492671e-02
1.18724318e+01 -3.11583765e-02
1.18726377e+01 -2.95212604e-02
1.18728285e+01 -2.79399808e-02
1.18730021e+01 -2.64161509e-02
1.18731546e+01 -2.49509327e-02
1.18732862e+01 -2.35450752e-02
1.18733940e+01 -2.21989341e-02
1.18734770e+01 -2.09124945e-02
1.18735352e+01 -1.96854062e-02
1.18735657e+01 -1.85170285e-02
1.18735704e+01 -1.74064357e-02
1.18735476e+01 -1.63524803e-02
1.18735008e+01 -1.53538072e-02
1.18734303e+01 -1.44088911e-02
1.18733358e+01 -1.35160713e-02
1.18732176e+01 -1.26735680e-02
1.18730822e+01 -1.18795205e-02
1.18729286e+01 -1.11320093e-02
1.18727608e+01 -1.04290731e-02
1.18725796e+01 -9.76872817e-03
1.18723907e+01 -9.14899074e-03
1.18721962e+01 -8.56789201e-03
1.18719978e+01 -8.02347902e-03
1.18717985e+01 -7.51384348e-03
1.18716011e+01 -7.03711668e-03
1.18714066e+01 -6.59148302e-03
1.18712187e+01 -6.17518602e-03
1.18710556e+01 -5.78652928e-03
1.18709249e+01 -5.42388298e-03
1.18707399e+01 -5.08568576e-03
1.18700457e+01 -4.77044424e-03
1.18675461e+01 -4.47673583e-03
1.18606052e+01 -4.20320593e-03
1.18449812e+01 -3.94856976e-03
1.18150606e+01 -3.71161103e-03
1.17646484e+01 -3.49117792e-03
1.16880484e+01 -3.28618428e-03
1.15811720e+01 -3.09560541e-03
1.14424267e+01 -2.91847670e-03
1.12731800e+01 -2.75389175e-03
1.10776968e+01 -2.60099885e-03
1.08623857e+01 -2.45899870e-03
1.06319351e+01 -2.32580770e-03
1.03760691e+01 -2.19261670e-03
1.00972157e+01 -2.05942569e-03
9.79779243e+00 -1.92623492e-03
9.48777199e+00 -1.79607188e-03
9.17846394e+00 -1.67210714e-03
8.87222576e+00 -1.55404559e-03
8.57077980e+00 -1.44160585e-03
8.27555180e+00 -1.33452052e-03
7.98774672e+00 -1.23253453e-03
7.70838070e+00 -1.13540480e-03
7.43826580e+00 -1.04290049e-03
7.17799616e+00 -9.54801100e-04
6.92794466e+00 -8.70896853e-04
6.68828583e+00 -7.90988095e-04
6.45902061e+00 -7.14884547e-04
6.24001837e+00 -6.42405008e-04
6.03105259e+00 -5.73376776e-04
5.83183336e+00 -5.07635646e-04
5.64204597e+00 -4.45025042e-04
5.46137094e+00 -3.85395891e-04
5.28950453e+00 -3.28606198e-04
5.12616968e+00 -2.74520804e-04
4.97112703e+00 -2.23010895e-04
4.82417345e+00 -1.73953857e-04
4.68513012e+00 -1.27232866e-04
4.55382347e+00 -8.27366748e-05
4.43006372e+00 -4.03593549e-05
4.31362057e+00 6.73445244e-16
4.19881821e+00 4.03593767e-05
4.08036137e+00 8.27367185e-05
3.95866895e+00 1.27232925e-04
3.83427238e+00 1.73953944e-04
3.70782638e+00 2.23011011e-04
3.58013415e+00 2.74520949e-04
3.45215917e+00 3.28606373e-04
3.32503343e+00 3.85396037e-04
3.20006752e+00 4.45025187e-04
3.07873559e+00 5.07635821e-04
2.96265054e+00 5.73377067e-04
2.85352397e+00 6.42405241e-04
2.75309348e+00 7.14884896e-04
2.66303873e+00 7.90988503e-04
2.58488894e+00 8.70897318e-04
2.51991296e+00 9.54801508e-04
2.46902800e+00 1.04290096e-03
2.43270779e+00 1.13540550e-03
2.41091275e+00 1.23253511e-03
2.40305758e+00 1.33452122e-03
2.40801907e+00 1.44160655e-03
2.42419958e+00 1.55404629e-03
2.44964075e+00 1.67210796e-03
2.48216772e+00 1.79607270e-03
2.51953650e+00 1.92623585e-03
2.55863094e+00 2.05942662e-03
2.59683084e+00 2.19261716e-03
2.63308048e+00 2.32580793e-03
2.66684580e+00 2.45899870e-03
2.69979072e+00 2.60099885e-03
2.73158312e+00 2.75389198e-03
2.76159573e+00 2.91847694e-03
2.78927779e+00 3.09560564e-03
2.81414318e+00 3.28618451e-03
2.83578181e+00 3.49117839e-03
2.85388350e+00 3.71161127e-03
2.86825943e+00 3.94857023e-03
2.87885857e+00 4.20320639e-03
2.88578606e+00 4.47673630e-03
2.88929963e+00 4.77044517e-03
2.88978052e+00 5.08568669e-03
2.88770366e+00 5.42388391e-03
2.88358259e+00 5.78652974e-03
2.87790322e+00 6.17518695e-03
2.87109113e+00 6.59148488e-03
2.86347246e+00 7.03711808e-03
2.85527062e+00 7.51384581e-03
2.84663177e+00 8.02348088e-03
2.83763170e+00 8.56789388e-03
2.82832551e+00 9.14899446e-03
2.81874990e+00 9.76873003e-03
2.80894947e+00 1.04290759e-02
2.79897141e+00 1.11320121e-02
2.78887224e+00 1.18795242e-02
2.77871537e+00 1.26735708e-02
2.76856256e+00 1.35160740e-02
2.75848365e+00 1.44088967e-02
2.74854326e+00 1.53538119e-02
2.73880911e+00 1.63524859e-02
2.72934675e+00 1.74064413e-02
2.72021151e+00 1.85170323e-02
2.71145582e+00 1.96854137e-02
2.70312667e+00 2.09124982e-02
2.69525504e+00 2.21989397e-02
2.68787336e+00 2.35450827e-02
2.68099427e+00 2.49509402e-02
2.67463326e+00 2.64161583e-02
2.66878843e+00 2.79399902e-02
2.66345263e+00 2.95212660e-02
2.65861225e+00 3.11583821e-02
2.65424967e+00 3.28492709e-02
2.65034151e+00 3.45914178e-02
2.64686584e+00 3.63818109e-02
2.64379168e+00 3.82170081e-02
2.64109993e+00 4.00931202e-02
2.63875294e+00 4.20058109e-02
2.63674021e+00 4.39503863e-02
2.63501644e+00 4.59217913e-02
2.63358951e+00 4.79146577e-02
2.63244724e+00 4.98426631e-02
2.63239908e+00 4.99233976e-02
2.63180137e+00 5.12398221e-02
2.63148212e+00 5.19422218e-02
2.63075042e+00 5.39652258e-02
2.63029003e+00 5.59864603e-02
2.62996483e+00 5.79999983e-02
2.62988567e+00 5.99999987e-02
